00 00 00 00 00 00 00 00 00 00 00 00 00 00 00 00 00 00 00 00 00 00 00 00 00 00 00 00 00 00 00 00 00 00 00 bd 00 00 00 00 00 bc f7 ff 01 02 00 bd 00 00 00 00 00 bc f5 02 ff 03 00 c0 f8 02 02 03 
00 00 00 00 00 00 00 00 00 00 00 00 00 00 00 00 00 00 00 00 00 00 00 00 00 00 00 00 00 00 00 00 00 00 00 c0 00 00 00 00 00 c1 f7 ff 03 03 00 c0 00 00 00 00 00 c2 f4 02 01 04 00 d6 f9 05 05 06 
00 00 00 00 00 00 00 00 00 00 00 00 00 00 00 00 00 00 00 00 00 00 00 00 00 00 00 00 00 00 00 00 00 00 00 bf 00 00 00 00 00 be f7 ff 03 fd 00 bf 00 00 00 00 00 bd f5 03 02 f9 00 ce f9 05 06 f9 
00 00 00 00 00 00 00 00 00 00 00 00 00 00 00 00 00 00 00 00 00 00 00 00 00 00 00 00 00 00 00 00 00 00 00 c3 00 00 00 00 00 c4 f9 ff 00 fe 00 c3 00 00 00 00 00 bf f6 03 00 fc 00 c1 f8 03 03 fb 
00 00 00 00 00 00 00 00 00 00 00 00 00 00 00 00 00 00 00 00 00 00 00 00 00 00 00 00 00 00 00 00 00 00 00 c6 00 00 00 00 00 c4 f9 ff 00 ff 00 c6 00 00 00 00 00 be f6 03 00 ff 00 c1 f6 02 02 fe 
00 00 00 00 00 00 00 00 00 00 00 00 00 00 00 00 00 00 00 00 00 00 00 00 00 00 00 00 00 00 00 00 00 00 00 c4 00 00 00 00 00 c2 f9 ff 00 00 00 c4 00 00 00 00 00 bb f7 02 00 01 00 bf f7 01 02 01 
00 00 00 00 00 00 00 00 00 00 00 00 00 00 00 00 00 00 00 00 00 00 00 00 00 00 00 00 00 00 00 00 00 00 00 c7 00 00 00 00 00 c4 f9 ff 00 00 00 c7 00 00 00 00 00 bf f7 02 ff 01 00 c7 f8 02 01 01 
00 00 00 00 00 00 00 00 00 00 00 00 00 00 00 00 00 00 00 00 00 00 00 00 00 00 00 00 00 00 00 00 00 00 00 c8 00 00 00 00 00 c6 f9 ff 00 00 00 c8 00 00 00 00 00 c2 f7 03 fe 01 00 c9 f8 03 00 01 
00 00 00 00 00 00 00 00 00 00 00 00 00 00 00 00 00 00 00 00 00 00 00 00 00 00 00 00 00 00 00 00 00 00 00 c5 00 00 00 00 00 c4 f9 ff 00 00 00 c5 00 00 00 00 00 c2 f7 03 ff 00 00 c7 f9 03 01 00 
00 00 00 00 00 00 00 00 00 00 00 00 00 00 00 00 00 00 00 00 00 00 00 00 00 00 00 00 00 00 00 00 00 00 00 c3 00 00 00 00 00 c2 f8 ff 02 ff 00 c3 00 00 00 00 00 c0 f6 02 01 ff 00 c8 f9 02 03 fe 
00 00 00 00 00 00 00 00 00 00 00 00 00 00 00 00 00 00 00 00 00 00 00 00 00 00 00 00 00 00 00 00 00 00 00 c5 00 00 00 00 00 c4 f9 ff 01 ff 00 c6 00 00 00 00 00 c1 f7 02 01 ff 00 c8 f8 02 03 fe 
00 00 00 00 00 00 00 00 00 00 00 00 00 00 00 00 00 00 00 00 00 00 00 00 00 00 00 00 00 00 00 00 00 00 00 c6 00 00 00 00 00 c4 f9 ff 00 00 00 c6 00 00 00 00 00 c1 f7 02 00 00 00 c5 f8 01 03 00 
00 00 00 00 00 00 00 00 00 00 00 00 00 00 00 00 00 00 00 00 00 00 00 00 00 00 00 00 00 00 00 00 00 00 00 c1 00 00 00 00 00 be f8 fe 01 01 00 c1 00 00 00 00 00 c0 f7 01 00 01 00 c4 f8 01 02 01 
00 00 00 00 00 00 00 00 00 00 00 00 00 00 00 00 00 00 00 00 00 00 00 00 00 00 00 00 00 00 00 00 00 00 00 bf 00 00 00 00 00 c2 f8 ff 01 01 00 be 00 00 00 00 00 bf f7 02 ff 00 00 bc fa ff 01 01 
00 00 00 00 00 00 00 00 00 00 00 00 00 00 00 00 00 00 00 00 00 00 00 00 00 00 00 00 00 00 00 00 00 00 00 bf 00 00 00 00 00 c3 f8 ff ff 03 00 bf 00 00 00 00 00 c2 f6 02 fc 04 00 c7 fb 01 fe 06 
00 00 00 00 00 00 00 00 00 00 00 00 00 00 00 00 00 00 00 00 00 00 00 00 00 00 00 00 00 00 00 00 00 00 00 c0 00 00 00 00 00 c4 f8 ff 00 fc 00 c0 00 00 00 00 00 c2 f6 02 fd f7 00 c7 f9 02 ff f7 
00 00 00 00 00 00 00 00 00 00 00 00 00 00 00 00 00 00 00 00 00 00 00 00 00 00 00 00 00 00 00 00 00 00 00 c3 00 00 00 00 00 c9 f9 fe fd fe 00 c3 00 00 00 00 00 c4 f7 03 fd fc 00 b9 f6 01 ff fc 
00 00 00 00 00 00 00 00 00 00 00 00 00 00 00 00 00 00 00 00 00 00 00 00 00 00 00 00 00 00 00 00 00 00 00 c5 00 00 00 00 00 c7 f9 ff ff ff 00 c5 00 00 00 00 00 c1 f7 03 fe fe 00 bc f5 00 00 fe 
00 00 00 00 00 00 00 00 00 00 00 00 00 00 00 00 00 00 00 00 00 00 00 00 00 00 00 00 00 00 00 00 00 00 00 c2 00 00 00 00 00 c3 f9 ff ff 01 00 c2 00 00 00 00 00 bc f7 03 fd 01 00 bc f6 00 ff 01 
00 00 00 00 00 00 00 00 00 00 00 00 00 00 00 00 00 00 00 00 00 00 00 00 00 00 00 00 00 00 00 00 00 00 00 c9 00 00 00 00 00 c9 fa ff ff 00 00 c9 00 00 00 00 00 c3 f8 02 fe ff 00 c7 f7 00 ff ff 
00 00 00 00 00 00 00 00 00 00 00 00 00 00 00 00 00 00 00 00 00 00 00 00 00 00 00 00 00 00 00 00 00 00 00 cb 00 00 00 00 00 ce fa ff 00 ff 00 cb 00 00 00 00 00 c8 f8 02 ff fe 00 ca f8 00 01 ff 
00 00 00 00 00 00 00 00 00 00 00 00 00 00 00 00 00 00 00 00 00 00 00 00 00 00 00 00 00 00 00 00 00 00 00 c2 00 00 00 00 00 c7 f9 ff 01 00 00 c2 00 00 00 00 00 c1 f8 02 ff 00 00 be f9 ff 02 01 
00 00 00 00 00 00 00 00 00 00 00 00 00 00 00 00 00 00 00 00 00 00 00 00 00 00 00 00 00 00 00 00 00 00 00 c0 00 00 00 00 00 c2 f9 ff 00 ff 00 c0 00 00 00 00 00 bc f7 02 ff fd 00 bf f8 ff 01 fd 
00 00 00 00 00 00 00 00 00 00 00 00 00 00 00 00 00 00 00 00 00 00 00 00 00 00 00 00 00 00 00 00 00 00 00 c4 00 00 00 00 00 c2 f9 ff 00 ff 00 c4 00 00 00 00 00 bd f7 02 fe fd 00 c1 f7 ff ff fc 
00 00 00 00 00 00 00 00 00 00 00 00 00 00 00 00 00 00 00 00 00 00 00 00 00 00 00 00 00 00 00 00 00 00 00 c4 00 00 00 00 00 c2 fa fe 00 ff 00 c4 00 00 00 00 00 bc f8 02 00 ff 00 bd f7 ff 02 fe 
00 00 00 00 00 00 00 00 00 00 00 00 00 00 00 00 00 00 00 00 00 00 00 00 00 00 00 00 00 00 00 00 00 00 00 bf 00 00 00 00 00 bc f9 fe 00 01 00 bf 00 00 00 00 00 b8 f8 01 ff 01 00 b8 f6 ff 01 01 
00 00 00 00 00 00 00 00 00 00 00 00 00 00 00 00 00 00 00 00 00 00 00 00 00 00 00 00 00 00 00 00 00 00 00 bf 00 00 00 00 00 c4 f8 ff 03 ff 00 bf 00 00 00 00 00 c3 f8 01 03 fd 00 c4 fa fd 07 fe 
00 00 00 00 00 00 00 00 00 00 00 00 00 00 00 00 00 00 00 00 00 00 00 00 00 00 00 00 00 00 00 00 00 00 00 bf 00 00 00 00 00 c3 f8 ff 02 00 00 bf 00 00 00 00 00 c0 f7 02 02 fe 00 be fa ff 05 fe 
00 00 00 00 00 00 00 00 00 00 00 00 00 00 00 00 00 00 00 00 00 00 00 00 00 00 00 00 00 00 00 00 00 00 00 c2 00 00 00 00 00 c5 f9 fe ff ff 00 c2 00 00 00 00 00 bf f7 03 fe fd 00 ba f8 02 00 fd 
00 00 00 00 00 00 00 00 00 00 00 00 00 00 00 00 00 00 00 00 00 00 00 00 00 00 00 00 00 00 00 00 00 00 00 c2 00 00 00 00 00 c4 f9 fe ff 00 00 c2 00 00 00 00 00 c0 f7 03 fe ff 00 b8 f6 01 00 ff 
00 00 00 00 00 00 00 00 00 00 00 00 00 00 00 00 00 00 00 00 00 00 00 00 00 00 00 00 00 00 00 00 00 00 00 c2 00 00 00 00 00 c2 f9 fe 00 00 00 c2 00 00 00 00 00 be f7 03 ff 00 00 b8 f6 01 01 00 
00 00 00 00 00 00 00 00 00 00 00 00 00 00 00 00 00 00 00 00 00 00 00 00 00 00 00 00 00 00 00 00 00 00 00 c0 00 00 00 00 00 c1 f9 fe 00 00 00 c0 00 00 00 00 00 bf f7 02 fe 00 00 b7 f8 01 00 00 
00 00 00 00 00 00 00 00 00 00 00 00 00 00 00 00 00 00 00 00 00 00 00 00 00 00 00 00 00 00 00 00 00 00 00 c6 00 00 00 00 00 c9 fa fe 01 00 00 c6 00 00 00 00 00 c6 f8 02 ff 00 00 c0 fa 01 02 00 
00 00 00 00 00 00 00 00 00 00 00 00 00 00 00 00 00 00 00 00 00 00 00 00 00 00 00 00 00 00 00 00 00 00 00 c8 00 00 00 00 00 cd fa ff 01 01 00 c8 00 00 00 00 00 c7 f9 02 00 00 00 c7 f9 00 03 01 
00 00 00 00 00 00 00 00 00 00 00 00 00 00 00 00 00 00 00 00 00 00 00 00 00 00 00 00 00 00 00 00 00 00 00 c2 00 00 00 00 00 c9 f9 ff 03 02 00 c2 00 00 00 00 00 c7 f8 02 01 01 00 cb f9 ff 05 03 
00 00 00 00 00 00 00 00 00 00 00 00 00 00 00 00 00 00 00 00 00 00 00 00 00 00 00 00 00 00 00 00 00 00 00 c0 00 00 00 00 00 c4 f8 fe 03 ff 00 c0 00 00 00 00 00 c5 f8 02 01 fc 00 c5 f9 ff 03 fb 
00 00 00 00 00 00 00 00 00 00 00 00 00 00 00 00 00 00 00 00 00 00 00 00 00 00 00 00 00 00 00 00 00 00 00 c3 00 00 00 00 00 c3 f9 fe 02 ff 00 c3 00 00 00 00 00 c2 f7 02 01 fd 00 c1 f9 01 02 fd 
00 00 00 00 00 00 00 00 00 00 00 00 00 00 00 00 00 00 00 00 00 00 00 00 00 00 00 00 00 00 00 00 00 00 00 c3 00 00 00 00 00 c1 f9 fe 01 00 00 c3 00 00 00 00 00 bc f7 02 00 00 00 bc f9 00 02 ff 
00 00 00 00 00 00 00 00 00 00 00 00 00 00 00 00 00 00 00 00 00 00 00 00 00 00 00 00 00 00 00 00 00 00 00 c2 00 00 00 00 00 c1 f9 fe 01 01 00 c2 00 00 00 00 00 bc f8 02 00 02 00 b9 f7 ff 02 02 
00 00 00 00 00 00 00 00 00 00 00 00 00 00 00 00 00 00 00 00 00 00 00 00 00 00 00 00 00 00 00 00 00 00 00 c1 00 00 00 00 00 c4 f9 ff 02 02 00 c1 00 00 00 00 00 c0 f8 00 02 00 00 cd fa fc 06 03 
00 00 00 00 00 00 00 00 00 00 00 00 00 00 00 00 00 00 00 00 00 00 00 00 00 00 00 00 00 00 00 00 00 00 00 c3 00 00 00 00 00 c4 f9 ff 01 ff 00 c3 00 00 00 00 00 c0 f7 01 02 fb 00 cb fa ff 05 fc 
00 00 00 00 00 00 00 00 00 00 00 00 00 00 00 00 00 00 00 00 00 00 00 00 00 00 00 00 00 00 00 00 00 00 00 c3 00 00 00 00 00 c4 f9 ff 00 fe 00 c4 00 00 00 00 00 c1 f7 02 ff fc 00 c0 f9 01 01 fc 
00 00 00 00 00 00 00 00 00 00 00 00 00 00 00 00 00 00 00 00 00 00 00 00 00 00 00 00 00 00 00 00 00 00 00 c4 00 00 00 00 00 c3 f9 ff 00 ff 00 c4 00 00 00 00 00 be f7 02 ff fe 00 bc f8 01 01 fe 
00 00 00 00 00 00 00 00 00 00 00 00 00 00 00 00 00 00 00 00 00 00 00 00 00 00 00 00 00 00 00 00 00 00 00 c2 00 00 00 00 00 c0 f9 fe 00 00 00 c2 00 00 00 00 00 b9 f8 02 00 00 00 b6 f9 ff 02 01 
00 00 00 00 00 00 00 00 00 00 00 00 00 00 00 00 00 00 00 00 00 00 00 00 00 00 00 00 00 00 00 00 00 00 00 c1 00 00 00 00 00 c0 f9 fe 00 02 00 c1 00 00 00 00 00 b8 f8 02 00 03 00 b5 fa 01 02 04 
00 00 00 00 00 00 00 00 00 00 00 00 00 00 00 00 00 00 00 00 00 00 00 00 00 00 00 00 00 00 00 00 00 00 00 c6 00 00 00 00 00 c6 fa ff 01 02 00 c6 00 00 00 00 00 c0 f8 01 00 03 00 c4 fc 01 03 04 
00 00 00 00 00 00 00 00 00 00 00 00 00 00 00 00 00 00 00 00 00 00 00 00 00 00 00 00 00 00 00 00 00 00 00 c6 00 00 00 00 00 c8 f9 ff 01 01 00 c6 00 00 00 00 00 c1 f8 01 00 00 00 cc fb 00 02 01 
00 00 00 00 00 00 00 00 00 00 00 00 00 00 00 00 00 00 00 00 00 00 00 00 00 00 00 00 00 00 00 00 00 00 00 c8 00 00 00 00 00 cd fa ff 01 02 00 c8 00 00 00 00 00 c9 f8 01 00 02 00 d9 fa fe 03 04 
00 00 00 00 00 00 00 00 00 00 00 00 00 00 00 00 00 00 00 00 00 00 00 00 00 00 00 00 00 00 00 00 00 00 00 c7 00 00 00 00 00 cb f9 ff 01 fd 00 c7 00 00 00 00 00 cb f8 01 01 fa 00 d2 fa ff 03 f9 
00 00 00 00 00 00 00 00 00 00 00 00 00 00 00 00 00 00 00 00 00 00 00 00 00 00 00 00 00 00 00 00 00 00 00 c7 00 00 00 00 00 c9 f9 fe 00 fe 00 c7 00 00 00 00 00 c8 f8 02 ff fc 00 c6 fa 02 01 fc 
00 00 00 00 00 00 00 00 00 00 00 00 00 00 00 00 00 00 00 00 00 00 00 00 00 00 00 00 00 00 00 00 00 00 00 c2 00 00 00 00 00 c3 f9 fe 00 ff 00 c2 00 00 00 00 00 bc f7 02 ff fd 00 b6 f9 01 02 fe 
00 00 00 00 00 00 00 00 00 00 00 00 00 00 00 00 00 00 00 00 00 00 00 00 00 00 00 00 00 00 00 00 00 00 00 c3 00 00 00 00 00 c3 f9 fe 00 01 00 c3 00 00 00 00 00 be f8 02 ff 01 00 b7 f8 ff 02 01 
00 00 00 00 00 00 00 00 00 00 00 00 00 00 00 00 00 00 00 00 00 00 00 00 00 00 00 00 00 00 00 00 00 00 00 bd 00 00 00 00 00 be f8 ff fe ff 00 bd 00 00 00 00 00 bd f8 01 fa fd 00 c0 fa fd fb fe 
00 00 00 00 00 00 00 00 00 00 00 00 00 00 00 00 00 00 00 00 00 00 00 00 00 00 00 00 00 00 00 00 00 00 00 bb 00 00 00 00 00 bb f8 ff fe ff 00 bb 00 00 00 00 00 b8 f7 02 f9 fd 00 b9 f9 ff f9 fd 
00 00 00 00 00 00 00 00 00 00 00 00 00 00 00 00 00 00 00 00 00 00 00 00 00 00 00 00 00 00 00 00 00 00 00 be 00 00 00 00 00 be f8 fe ff 00 00 be 00 00 00 00 00 bf f7 02 fc fe 00 ba fa 00 fd fe 
00 00 00 00 00 00 00 00 00 00 00 00 00 00 00 00 00 00 00 00 00 00 00 00 00 00 00 00 00 00 00 00 00 00 00 c0 00 00 00 00 00 be f9 ff 00 00 00 c1 00 00 00 00 00 bb f7 01 fe fe 00 ba fa 01 00 fe 
00 00 00 00 00 00 00 00 00 00 00 00 00 00 00 00 00 00 00 00 00 00 00 00 00 00 00 00 00 00 00 00 00 00 00 c5 00 00 00 00 00 c3 fa ff 00 01 00 c5 00 00 00 00 00 bd f8 01 00 02 00 bd fb ff 01 02 
00 00 00 00 00 00 00 00 00 00 00 00 00 00 00 00 00 00 00 00 00 00 00 00 00 00 00 00 00 00 00 00 00 00 00 c4 00 00 00 00 00 c3 f9 ff ff 03 00 c4 00 00 00 00 00 bd f8 01 fe 04 00 c1 fc 02 ff 05 
00 00 00 00 00 00 00 00 00 00 00 00 00 00 00 00 00 00 00 00 00 00 00 00 00 00 00 00 00 00 00 00 00 00 00 c7 00 00 00 00 00 c5 f9 ff ff 03 00 c7 00 00 00 00 00 c4 f8 00 fb 03 00 d3 fd 01 fb 05 
00 00 00 00 00 00 00 00 00 00 00 00 00 00 00 00 00 00 00 00 00 00 00 00 00 00 00 00 00 00 00 00 00 00 00 c7 00 00 00 00 00 c7 f9 ff 00 ff 00 c7 00 00 00 00 00 c4 f8 01 fd fd 00 d1 fb 01 fe fe 
00 00 00 00 00 00 00 00 00 00 00 00 00 00 00 00 00 00 00 00 00 00 00 00 00 00 00 00 00 00 00 00 00 00 00 c4 00 00 00 00 00 c8 f9 ff 00 00 00 c4 00 00 00 00 00 c4 f8 01 fe 00 00 cc f9 ff ff 01 
00 00 00 00 00 00 00 00 00 00 00 00 00 00 00 00 00 00 00 00 00 00 00 00 00 00 00 00 00 00 00 00 00 00 00 c3 00 00 00 00 00 c6 f9 ff 00 fe 00 c3 00 00 00 00 00 c5 f8 01 fd fc 00 c7 f9 ff ff fb 
00 00 00 00 00 00 00 00 00 00 00 00 00 00 00 00 00 00 00 00 00 00 00 00 00 00 00 00 00 00 00 00 00 00 00 c8 00 00 00 00 00 c9 fa fe ff fe 00 c8 00 00 00 00 00 c8 f8 02 fd fd 00 c3 f8 02 ff fd 
00 00 00 00 00 00 00 00 00 00 00 00 00 00 00 00 00 00 00 00 00 00 00 00 00 00 00 00 00 00 00 00 00 00 00 c3 00 00 00 00 00 c4 f9 fe ff ff 00 c4 00 00 00 00 00 be f7 02 ff fe 00 b8 f8 02 01 fe 
00 00 00 00 00 00 00 00 00 00 00 00 00 00 00 00 00 00 00 00 00 00 00 00 00 00 00 00 00 00 00 00 00 00 00 c4 00 00 00 00 00 c3 f9 fe 00 01 00 c4 00 00 00 00 00 be f7 02 00 02 00 ba f7 ff 02 02 
00 00 00 00 00 00 00 00 00 00 00 00 00 00 00 00 00 00 00 00 00 00 00 00 00 00 00 00 00 00 00 00 00 00 00 bd 00 00 00 00 00 be f8 fe ff fe 00 bd 00 00 00 00 00 bd f8 01 fd fb 00 b9 fa fe ff fa 
00 00 00 00 00 00 00 00 00 00 00 00 00 00 00 00 00 00 00 00 00 00 00 00 00 00 00 00 00 00 00 00 00 00 00 ba 00 00 00 00 00 b9 f8 fe 00 01 00 ba 00 00 00 00 00 b6 f7 02 fe ff 00 b2 fa 00 fe ff 
00 00 00 00 00 00 00 00 00 00 00 00 00 00 00 00 00 00 00 00 00 00 00 00 00 00 00 00 00 00 00 00 00 00 00 be 00 00 00 00 00 bc f8 fe 00 01 00 be 00 00 00 00 00 bc f7 01 ff 00 00 ba fa 00 00 01 
00 00 00 00 00 00 00 00 00 00 00 00 00 00 00 00 00 00 00 00 00 00 00 00 00 00 00 00 00 00 00 00 00 00 00 c0 00 00 00 00 00 bd f9 ff 00 00 00 c0 00 00 00 00 00 b9 f7 01 00 fe 00 b9 fa 01 01 fe 
00 00 00 00 00 00 00 00 00 00 00 00 00 00 00 00 00 00 00 00 00 00 00 00 00 00 00 00 00 00 00 00 00 00 00 c5 00 00 00 00 00 c4 f9 ff 00 01 00 c6 00 00 00 00 00 c0 f8 01 00 01 00 be fa 00 02 01 
00 00 00 00 00 00 00 00 00 00 00 00 00 00 00 00 00 00 00 00 00 00 00 00 00 00 00 00 00 00 00 00 00 00 00 c6 00 00 00 00 00 c5 f9 ff 01 01 00 c6 00 00 00 00 00 c1 f7 02 00 01 00 c0 f9 02 02 01 
00 00 00 00 00 00 00 00 00 00 00 00 00 00 00 00 00 00 00 00 00 00 00 00 00 00 00 00 00 00 00 00 00 00 00 c7 00 00 00 00 00 c6 f9 ff 01 02 00 c7 00 00 00 00 00 c1 f7 01 ff 02 00 c7 fa 02 00 03 
00 00 00 00 00 00 00 00 00 00 00 00 00 00 00 00 00 00 00 00 00 00 00 00 00 00 00 00 00 00 00 00 00 00 00 c9 00 00 00 00 00 c9 fa ff 01 01 00 c9 00 00 00 00 00 c4 f8 01 00 01 00 ce f8 01 01 02 
00 00 00 00 00 00 00 00 00 00 00 00 00 00 00 00 00 00 00 00 00 00 00 00 00 00 00 00 00 00 00 00 00 00 00 c6 00 00 00 00 00 c7 fa ff 01 01 00 c6 00 00 00 00 00 c1 f8 01 00 01 00 cd f7 ff 02 02 
00 00 00 00 00 00 00 00 00 00 00 00 00 00 00 00 00 00 00 00 00 00 00 00 00 00 00 00 00 00 00 00 00 00 00 c3 00 00 00 00 00 c4 f9 ff 00 ff 00 c3 00 00 00 00 00 be f7 02 fe fe 00 c5 f7 ff ff fe 
00 00 00 00 00 00 00 00 00 00 00 00 00 00 00 00 00 00 00 00 00 00 00 00 00 00 00 00 00 00 00 00 00 00 00 c7 00 00 00 00 00 c8 fa fe ff ff 00 c7 00 00 00 00 00 c4 f7 03 fe ff 00 c0 f7 02 00 ff 
00 00 00 00 00 00 00 00 00 00 00 00 00 00 00 00 00 00 00 00 00 00 00 00 00 00 00 00 00 00 00 00 00 00 00 c4 00 00 00 00 00 c5 f9 fe ff ff 00 c4 00 00 00 00 00 c0 f7 02 ff fe 00 ba f8 02 01 ff 
00 00 00 00 00 00 00 00 00 00 00 00 00 00 00 00 00 00 00 00 00 00 00 00 00 00 00 00 00 00 00 00 00 00 00 c3 00 00 00 00 00 c1 f9 fe 00 01 00 c3 00 00 00 00 00 bb f7 02 00 01 00 b7 f7 00 02 01 
00 00 00 00 00 00 00 00 00 00 00 00 00 00 00 00 00 00 00 00 00 00 00 00 00 00 00 00 00 00 00 00 00 00 00 bc 00 00 00 00 00 bf f8 fe 01 ff 00 bc 00 00 00 00 00 c1 f8 01 ff fd 00 b7 fc 00 02 fc 
00 00 00 00 00 00 00 00 00 00 00 00 00 00 00 00 00 00 00 00 00 00 00 00 00 00 00 00 00 00 00 00 00 00 00 bd 00 00 00 00 00 bc f8 fe 01 00 00 bd 00 00 00 00 00 bd f8 01 00 ff 00 b7 fc 00 01 ff 
00 00 00 00 00 00 00 00 00 00 00 00 00 00 00 00 00 00 00 00 00 00 00 00 00 00 00 00 00 00 00 00 00 00 00 c2 00 00 00 00 00 bf f9 fe 01 00 00 c2 00 00 00 00 00 c2 f8 01 01 fe 00 c2 fb 00 02 fe 
00 00 00 00 00 00 00 00 00 00 00 00 00 00 00 00 00 00 00 00 00 00 00 00 00 00 00 00 00 00 00 00 00 00 00 c2 00 00 00 00 00 c0 f9 ff 00 00 00 c2 00 00 00 00 00 bb f8 01 ff fe 00 bc fa 00 01 ff 
00 00 00 00 00 00 00 00 00 00 00 00 00 00 00 00 00 00 00 00 00 00 00 00 00 00 00 00 00 00 00 00 00 00 00 c5 00 00 00 00 00 c3 f9 ff 00 01 00 c5 00 00 00 00 00 bd f7 02 00 00 00 bd f8 00 01 00 
00 00 00 00 00 00 00 00 00 00 00 00 00 00 00 00 00 00 00 00 00 00 00 00 00 00 00 00 00 00 00 00 00 00 00 c5 00 00 00 00 00 c3 f9 ff 00 01 00 c5 00 00 00 00 00 c0 f7 03 00 00 00 bd f7 02 01 00 
00 00 00 00 00 00 00 00 00 00 00 00 00 00 00 00 00 00 00 00 00 00 00 00 00 00 00 00 00 00 00 00 00 00 00 c7 00 00 00 00 00 c7 fa ff 01 01 00 c7 00 00 00 00 00 c1 f7 02 00 01 00 c2 f8 01 02 02 
00 00 00 00 00 00 00 00 00 00 00 00 00 00 00 00 00 00 00 00 00 00 00 00 00 00 00 00 00 00 00 00 00 00 00 c9 00 00 00 00 00 cb fa ff 02 02 00 c9 00 00 00 00 00 c2 f8 01 02 04 00 c9 fa 00 04 05 
00 00 00 00 00 00 00 00 00 00 00 00 00 00 00 00 00 00 00 00 00 00 00 00 00 00 00 00 00 00 00 00 00 00 00 c6 00 00 00 00 00 c7 fa ff 03 02 00 c6 00 00 00 00 00 be f8 01 04 02 00 cd f9 ff 07 03 
00 00 00 00 00 00 00 00 00 00 00 00 00 00 00 00 00 00 00 00 00 00 00 00 00 00 00 00 00 00 00 00 00 00 00 c2 00 00 00 00 00 c6 f9 ff 03 ff 00 c2 00 00 00 00 00 bc f7 02 03 fd 00 c0 f8 ff 07 fe 
00 00 00 00 00 00 00 00 00 00 00 00 00 00 00 00 00 00 00 00 00 00 00 00 00 00 00 00 00 00 00 00 00 00 00 c3 00 00 00 00 00 c7 f9 fe ff 00 00 c3 00 00 00 00 00 c3 f7 03 ff 00 00 b7 f9 03 02 01 
00 00 00 00 00 00 00 00 00 00 00 00 00 00 00 00 00 00 00 00 00 00 00 00 00 00 00 00 00 00 00 00 00 00 00 c3 00 00 00 00 00 c4 f9 fe ff ff 00 c3 00 00 00 00 00 bf f7 02 00 fd 00 b7 fa 02 02 fd 
00 00 00 00 00 00 00 00 00 00 00 00 00 00 00 00 00 00 00 00 00 00 00 00 00 00 00 00 00 00 00 00 00 00 00 be 00 00 00 00 00 bd f9 fe 00 00 00 be 00 00 00 00 00 b6 f7 02 00 ff 00 af f8 00 02 ff 
00 00 00 00 00 00 00 00 00 00 00 00 00 00 00 00 00 00 00 00 00 00 00 00 00 00 00 00 00 00 00 00 00 00 00 c1 00 00 00 00 00 c4 f9 fe 01 ff 00 c1 00 00 00 00 00 c8 f9 00 00 fd 00 c1 fe ff 03 fd 
00 00 00 00 00 00 00 00 00 00 00 00 00 00 00 00 00 00 00 00 00 00 00 00 00 00 00 00 00 00 00 00 00 00 00 c1 00 00 00 00 00 c1 f9 fe 00 00 00 c1 00 00 00 00 00 c2 f9 01 fe fe 00 ba fc 01 00 fe 
00 00 00 00 00 00 00 00 00 00 00 00 00 00 00 00 00 00 00 00 00 00 00 00 00 00 00 00 00 00 00 00 00 00 00 c3 00 00 00 00 00 c1 f9 fe 00 ff 00 c3 00 00 00 00 00 c2 f8 01 fe fd 00 c1 f9 00 ff fd 
00 00 00 00 00 00 00 00 00 00 00 00 00 00 00 00 00 00 00 00 00 00 00 00 00 00 00 00 00 00 00 00 00 00 00 c3 00 00 00 00 00 c1 f9 ff 00 00 00 c3 00 00 00 00 00 bd f8 01 fe fe 00 be f8 00 ff fe 
00 00 00 00 00 00 00 00 00 00 00 00 00 00 00 00 00 00 00 00 00 00 00 00 00 00 00 00 00 00 00 00 00 00 00 c4 00 00 00 00 00 c1 f9 ff 00 00 00 c4 00 00 00 00 00 bd f7 02 fe ff 00 bf f7 01 00 ff 
00 00 00 00 00 00 00 00 00 00 00 00 00 00 00 00 00 00 00 00 00 00 00 00 00 00 00 00 00 00 00 00 00 00 00 c6 00 00 00 00 00 c4 f9 fe 00 01 00 c6 00 00 00 00 00 c1 f7 02 00 00 00 bf f8 01 01 00 
00 00 00 00 00 00 00 00 00 00 00 00 00 00 00 00 00 00 00 00 00 00 00 00 00 00 00 00 00 00 00 00 00 00 00 ca 00 00 00 00 00 c9 fa ff 00 02 00 ca 00 00 00 00 00 c4 f8 01 00 02 00 c3 fb 00 01 03 
00 00 00 00 00 00 00 00 00 00 00 00 00 00 00 00 00 00 00 00 00 00 00 00 00 00 00 00 00 00 00 00 00 00 00 c7 00 00 00 00 00 c7 fa ff 01 03 00 c7 00 00 00 00 00 c1 f8 00 02 05 00 c7 fc 00 04 06 
00 00 00 00 00 00 00 00 00 00 00 00 00 00 00 00 00 00 00 00 00 00 00 00 00 00 00 00 00 00 00 00 00 00 00 c2 00 00 00 00 00 c4 f9 ff 03 03 00 c2 00 00 00 00 00 be f8 00 03 03 00 cd fc 00 06 05 
00 00 00 00 00 00 00 00 00 00 00 00 00 00 00 00 00 00 00 00 00 00 00 00 00 00 00 00 00 00 00 00 00 00 00 be 00 00 00 00 00 c6 f8 ff 02 00 00 be 00 00 00 00 00 bf f8 01 03 fe 00 c2 fb ff 07 00 
00 00 00 00 00 00 00 00 00 00 00 00 00 00 00 00 00 00 00 00 00 00 00 00 00 00 00 00 00 00 00 00 00 00 00 bf 00 00 00 00 00 c8 f9 fe ff 00 00 bf 00 00 00 00 00 c4 f8 02 ff 00 00 b4 fb 02 03 01 
00 00 00 00 00 00 00 00 00 00 00 00 00 00 00 00 00 00 00 00 00 00 00 00 00 00 00 00 00 00 00 00 00 00 00 c0 00 00 00 00 00 c2 f9 fe ff fd 00 c0 00 00 00 00 00 c0 f8 01 fe fb 00 b9 fb 02 02 fa 
00 00 00 00 00 00 00 00 00 00 00 00 00 00 00 00 00 00 00 00 00 00 00 00 00 00 00 00 00 00 00 00 00 00 00 ba 00 00 00 00 00 b8 f8 fe 00 00 00 ba 00 00 00 00 00 b2 f7 02 00 fd 00 ad f9 00 03 fd 
00 00 00 00 00 00 00 00 00 00 00 00 00 00 00 00 00 00 00 00 00 00 00 00 00 00 00 00 00 00 00 00 00 00 00 c2 00 00 00 00 00 c5 f8 fe 01 fe 00 c2 00 00 00 00 00 ca f9 00 ff fc 00 ca fd 00 02 fc 
00 00 00 00 00 00 00 00 00 00 00 00 00 00 00 00 00 00 00 00 00 00 00 00 00 00 00 00 00 00 00 00 00 00 00 bd 00 00 00 00 00 be f8 fe ff fe 00 bd 00 00 00 00 00 be f8 02 fc fb 00 b8 fa 03 ff fb 
00 00 00 00 00 00 00 00 00 00 00 00 00 00 00 00 00 00 00 00 00 00 00 00 00 00 00 00 00 00 00 00 00 00 00 bf 00 00 00 00 00 bf f8 fe 00 ff 00 bf 00 00 00 00 00 be f7 02 fd fd 00 ba f7 02 fe fd 
00 00 00 00 00 00 00 00 00 00 00 00 00 00 00 00 00 00 00 00 00 00 00 00 00 00 00 00 00 00 00 00 00 00 00 c3 00 00 00 00 00 c1 f9 ff 00 00 00 c3 00 00 00 00 00 be f7 02 fe ff 00 bc f7 01 00 ff 
00 00 00 00 00 00 00 00 00 00 00 00 00 00 00 00 00 00 00 00 00 00 00 00 00 00 00 00 00 00 00 00 00 00 00 c6 00 00 00 00 00 c3 f9 ff 00 00 00 c6 00 00 00 00 00 c1 f7 02 ff ff 00 c2 f8 02 01 fe 
00 00 00 00 00 00 00 00 00 00 00 00 00 00 00 00 00 00 00 00 00 00 00 00 00 00 00 00 00 00 00 00 00 00 00 c6 00 00 00 00 00 c4 f9 fe 01 01 00 c6 00 00 00 00 00 c5 f7 02 00 01 00 c1 fa 00 02 01 
00 00 00 00 00 00 00 00 00 00 00 00 00 00 00 00 00 00 00 00 00 00 00 00 00 00 00 00 00 00 00 00 00 00 00 c6 00 00 00 00 00 c4 fa fe 00 02 00 c6 00 00 00 00 00 c2 f8 01 01 03 00 be fc 00 02 04 
00 00 00 00 00 00 00 00 00 00 00 00 00 00 00 00 00 00 00 00 00 00 00 00 00 00 00 00 00 00 00 00 00 00 00 c2 00 00 00 00 00 c0 f9 ff 00 03 00 c2 00 00 00 00 00 bf f8 00 ff 04 00 c5 fd 01 01 06 
00 00 00 00 00 00 00 00 00 00 00 00 00 00 00 00 00 00 00 00 00 00 00 00 00 00 00 00 00 00 00 00 00 00 00 c3 00 00 00 00 00 c2 f8 ff ff 04 00 c3 00 00 00 00 00 c5 f8 00 fb 03 00 d5 fc 00 fc 06 
00 00 00 00 00 00 00 00 00 00 00 00 00 00 00 00 00 00 00 00 00 00 00 00 00 00 00 00 00 00 00 00 00 00 00 c3 00 00 00 00 00 c5 f8 ff fd 01 00 c3 00 00 00 00 00 c7 f7 01 f8 fe 00 d8 fa fe f8 00 
00 00 00 00 00 00 00 00 00 00 00 00 00 00 00 00 00 00 00 00 00 00 00 00 00 00 00 00 00 00 00 00 00 00 00 c1 00 00 00 00 00 c6 f9 fe fd ff 00 c1 00 00 00 00 00 c7 f8 02 f8 fd 00 c3 f9 00 fa fe 
00 00 00 00 00 00 00 00 00 00 00 00 00 00 00 00 00 00 00 00 00 00 00 00 00 00 00 00 00 00 00 00 00 00 00 be 00 00 00 00 00 c0 f8 fe fe fd 00 be 00 00 00 00 00 bd f7 01 fc fa 00 b7 f9 01 fe f9 
00 00 00 00 00 00 00 00 00 00 00 00 00 00 00 00 00 00 00 00 00 00 00 00 00 00 00 00 00 00 00 00 00 00 00 ba 00 00 00 00 00 b8 f8 ff 00 00 00 ba 00 00 00 00 00 b2 f7 02 fe fe 00 ad f7 00 00 fe 
00 00 00 00 00 00 00 00 00 00 00 00 00 00 00 00 00 00 00 00 00 00 00 00 00 00 00 00 00 00 00 00 00 00 00 be 00 00 00 00 00 c1 f8 ff 00 fe 00 be 00 00 00 00 00 c4 f8 00 fd fb 00 c7 fb ff ff fa 
00 00 00 00 00 00 00 00 00 00 00 00 00 00 00 00 00 00 00 00 00 00 00 00 00 00 00 00 00 00 00 00 00 00 00 b6 00 00 00 00 00 b7 f7 fe 00 ff 00 b6 00 00 00 00 00 b7 f7 02 fc fc 00 b0 f9 02 ff fb 
00 00 00 00 00 00 00 00 00 00 00 00 00 00 00 00 00 00 00 00 00 00 00 00 00 00 00 00 00 00 00 00 00 00 00 b9 00 00 00 00 00 bb f8 fe 00 00 00 b9 00 00 00 00 00 b9 f7 03 fd fe 00 af f7 02 00 fe 
00 00 00 00 00 00 00 00 00 00 00 00 00 00 00 00 00 00 00 00 00 00 00 00 00 00 00 00 00 00 00 00 00 00 00 c3 00 00 00 00 00 c4 f9 ff 00 01 00 c3 00 00 00 00 00 bf f7 02 ff 00 00 be f8 01 01 00 
00 00 00 00 00 00 00 00 00 00 00 00 00 00 00 00 00 00 00 00 00 00 00 00 00 00 00 00 00 00 00 00 00 00 00 c8 00 00 00 00 00 c7 f9 ff 01 00 00 c8 00 00 00 00 00 c3 f8 01 00 fe 00 c6 f9 00 01 fd 
00 00 00 00 00 00 00 00 00 00 00 00 00 00 00 00 00 00 00 00 00 00 00 00 00 00 00 00 00 00 00 00 00 00 00 c3 00 00 00 00 00 c2 f9 fe 01 02 00 c3 00 00 00 00 00 c5 f8 02 00 01 00 bf fa fe 01 01 
00 00 00 00 00 00 00 00 00 00 00 00 00 00 00 00 00 00 00 00 00 00 00 00 00 00 00 00 00 00 00 00 00 00 00 bf 00 00 00 00 00 bc f9 fe 01 02 00 bf 00 00 00 00 00 bc f8 01 ff 03 00 b7 fb 00 02 03 
00 00 00 00 00 00 00 00 00 00 00 00 00 00 00 00 00 00 00 00 00 00 00 00 00 00 00 00 00 00 00 00 00 00 00 c0 00 00 00 00 00 bc f8 ff 00 01 00 c0 00 00 00 00 00 bc f8 00 fe 00 00 c2 fc 01 ff 00 
00 00 00 00 00 00 00 00 00 00 00 00 00 00 00 00 00 00 00 00 00 00 00 00 00 00 00 00 00 00 00 00 00 00 00 c1 00 00 00 00 00 c2 f8 ff 02 00 00 c1 00 00 00 00 00 c4 f7 01 fe ff 00 cd f9 00 00 00 
00 00 00 00 00 00 00 00 00 00 00 00 00 00 00 00 00 00 00 00 00 00 00 00 00 00 00 00 00 00 00 00 00 00 00 c2 00 00 00 00 00 c8 f9 fe 01 00 00 c2 00 00 00 00 00 cb f7 02 fd 00 00 cc f7 ff ff 01 
00 00 00 00 00 00 00 00 00 00 00 00 00 00 00 00 00 00 00 00 00 00 00 00 00 00 00 00 00 00 00 00 00 00 00 c4 00 00 00 00 00 ca f9 fe ff 00 00 c4 00 00 00 00 00 ce f7 02 fd 00 00 c6 f7 01 ff 01 
00 00 00 00 00 00 00 00 00 00 00 00 00 00 00 00 00 00 00 00 00 00 00 00 00 00 00 00 00 00 00 00 00 00 00 c4 00 00 00 00 00 c6 f9 fe ff fe 00 c4 00 00 00 00 00 c3 f7 02 ff fc 00 c0 f8 02 01 fc 
00 00 00 00 00 00 00 00 00 00 00 00 00 00 00 00 00 00 00 00 00 00 00 00 00 00 00 00 00 00 00 00 00 00 00 c2 00 00 00 00 00 c0 f9 fe 01 01 00 c2 00 00 00 00 00 bc f7 02 00 00 00 b9 f7 01 02 00 
00 00 00 00 00 00 00 00 00 00 00 00 00 00 00 00 00 00 00 00 00 00 00 00 00 00 00 00 00 00 00 00 00 00 00 ba 00 00 00 00 00 bd f7 fe 02 fe 00 ba 00 00 00 00 00 bf f8 00 00 fb 00 bc fb fd 03 fa 
00 00 00 00 00 00 00 00 00 00 00 00 00 00 00 00 00 00 00 00 00 00 00 00 00 00 00 00 00 00 00 00 00 00 00 b9 00 00 00 00 00 ba f8 ff 03 02 00 b9 00 00 00 00 00 b7 f8 01 02 02 00 b7 f9 00 06 03 
00 00 00 00 00 00 00 00 00 00 00 00 00 00 00 00 00 00 00 00 00 00 00 00 00 00 00 00 00 00 00 00 00 00 00 c0 00 00 00 00 00 c1 f8 ff 02 00 00 c0 00 00 00 00 00 be f7 02 01 00 00 bf f8 02 05 01 
00 00 00 00 00 00 00 00 00 00 00 00 00 00 00 00 00 00 00 00 00 00 00 00 00 00 00 00 00 00 00 00 00 00 00 c5 00 00 00 00 00 c5 f9 ff 00 00 00 c5 00 00 00 00 00 c2 f7 01 ff fe 00 c6 f9 01 01 fe 
00 00 00 00 00 00 00 00 00 00 00 00 00 00 00 00 00 00 00 00 00 00 00 00 00 00 00 00 00 00 00 00 00 00 00 c7 00 00 00 00 00 c6 f9 ff 00 ff 00 c7 00 00 00 00 00 c3 f8 01 fe fd 00 c7 f9 ff 00 fc 
00 00 00 00 00 00 00 00 00 00 00 00 00 00 00 00 00 00 00 00 00 00 00 00 00 00 00 00 00 00 00 00 00 00 00 c1 00 00 00 00 00 c1 f8 ff 02 02 00 c1 00 00 00 00 00 c3 f7 02 00 02 00 c2 f8 fe 02 02 
00 00 00 00 00 00 00 00 00 00 00 00 00 00 00 00 00 00 00 00 00 00 00 00 00 00 00 00 00 00 00 00 00 00 00 bf 00 00 00 00 00 bd f8 fe 00 02 00 bf 00 00 00 00 00 bc f7 01 fe 03 00 be fa 00 01 04 
00 00 00 00 00 00 00 00 00 00 00 00 00 00 00 00 00 00 00 00 00 00 00 00 00 00 00 00 00 00 00 00 00 00 00 c3 00 00 00 00 00 c0 f9 ff 00 00 00 c3 00 00 00 00 00 bf f8 00 fe fe 00 c5 fc 01 00 fe 
00 00 00 00 00 00 00 00 00 00 00 00 00 00 00 00 00 00 00 00 00 00 00 00 00 00 00 00 00 00 00 00 00 00 00 c8 00 00 00 00 00 c7 fa ff 01 01 00 c8 00 00 00 00 00 c3 f8 01 00 00 00 c9 fa 00 02 01 
00 00 00 00 00 00 00 00 00 00 00 00 00 00 00 00 00 00 00 00 00 00 00 00 00 00 00 00 00 00 00 00 00 00 00 c3 00 00 00 00 00 c7 f9 fe 01 01 00 c3 00 00 00 00 00 bf f7 02 01 02 00 bc f8 01 04 04 
00 00 00 00 00 00 00 00 00 00 00 00 00 00 00 00 00 00 00 00 00 00 00 00 00 00 00 00 00 00 00 00 00 00 00 be 00 00 00 00 00 c6 f9 fe 00 02 00 be 00 00 00 00 00 c1 f7 03 01 04 00 b1 f8 03 05 05 
00 00 00 00 00 00 00 00 00 00 00 00 00 00 00 00 00 00 00 00 00 00 00 00 00 00 00 00 00 00 00 00 00 00 00 c3 00 00 00 00 00 c7 f9 fe ff fe 00 c3 00 00 00 00 00 c5 f7 02 fe fd 00 b9 f9 03 01 fd 
00 00 00 00 00 00 00 00 00 00 00 00 00 00 00 00 00 00 00 00 00 00 00 00 00 00 00 00 00 00 00 00 00 00 00 c1 00 00 00 00 00 c1 f9 fe ff 00 00 c1 00 00 00 00 00 bb f7 02 ff 00 00 b3 f7 01 01 00 
00 00 00 00 00 00 00 00 00 00 00 00 00 00 00 00 00 00 00 00 00 00 00 00 00 00 00 00 00 00 00 00 00 00 00 bf 00 00 00 00 00 c0 f8 fe 01 fe 00 bf 00 00 00 00 00 c3 f9 ff ff fa 00 c2 fb f9 02 f9 
00 00 00 00 00 00 00 00 00 00 00 00 00 00 00 00 00 00 00 00 00 00 00 00 00 00 00 00 00 00 00 00 00 00 00 c2 00 00 00 00 00 c1 f9 ff 01 03 00 c2 00 00 00 00 00 be f8 00 ff 03 00 c5 f9 fd 01 04 
00 00 00 00 00 00 00 00 00 00 00 00 00 00 00 00 00 00 00 00 00 00 00 00 00 00 00 00 00 00 00 00 00 00 00 c2 00 00 00 00 00 c2 f9 ff 01 01 00 c2 00 00 00 00 00 bf f7 01 00 01 00 c8 f9 ff 02 02 
00 00 00 00 00 00 00 00 00 00 00 00 00 00 00 00 00 00 00 00 00 00 00 00 00 00 00 00 00 00 00 00 00 00 00 c1 00 00 00 00 00 c2 f8 ff 01 ff 00 c1 00 00 00 00 00 c0 f7 01 ff fd 00 c4 f8 00 02 fe 
00 00 00 00 00 00 00 00 00 00 00 00 00 00 00 00 00 00 00 00 00 00 00 00 00 00 00 00 00 00 00 00 00 00 00 c4 00 00 00 00 00 c3 f9 ff 00 ff 00 c4 00 00 00 00 00 c0 f7 01 ff fc 00 c7 f8 fe 02 fc 
00 00 00 00 00 00 00 00 00 00 00 00 00 00 00 00 00 00 00 00 00 00 00 00 00 00 00 00 00 00 00 00 00 00 00 c2 00 00 00 00 00 c2 f9 ff 01 00 00 c2 00 00 00 00 00 c0 f7 02 ff fe 00 c1 f7 fd 02 fe 
00 00 00 00 00 00 00 00 00 00 00 00 00 00 00 00 00 00 00 00 00 00 00 00 00 00 00 00 00 00 00 00 00 00 00 bc 00 00 00 00 00 bb f8 ff 00 00 00 bc 00 00 00 00 00 b5 f7 02 ff 01 00 b5 f6 ff 02 01 
00 00 00 00 00 00 00 00 00 00 00 00 00 00 00 00 00 00 00 00 00 00 00 00 00 00 00 00 00 00 00 00 00 00 00 be 00 00 00 00 00 bd f8 ff 01 00 00 be 00 00 00 00 00 b6 f7 01 00 01 00 b6 f7 00 03 01 
00 00 00 00 00 00 00 00 00 00 00 00 00 00 00 00 00 00 00 00 00 00 00 00 00 00 00 00 00 00 00 00 00 00 00 c2 00 00 00 00 00 c0 f9 ff 00 02 00 c2 00 00 00 00 00 b8 f7 02 00 04 00 ba f6 01 03 05 
00 00 00 00 00 00 00 00 00 00 00 00 00 00 00 00 00 00 00 00 00 00 00 00 00 00 00 00 00 00 00 00 00 00 00 bd 00 00 00 00 00 bc f8 ff ff 05 00 bd 00 00 00 00 00 b3 f6 02 ff 0a 00 bb f7 03 02 0c 
00 00 00 00 00 00 00 00 00 00 00 00 00 00 00 00 00 00 00 00 00 00 00 00 00 00 00 00 00 00 00 00 00 00 00 c8 00 00 00 00 00 c6 f9 ff 00 03 00 c8 00 00 00 00 00 c4 f7 01 01 06 00 d6 f9 04 04 08 
00 00 00 00 00 00 00 00 00 00 00 00 00 00 00 00 00 00 00 00 00 00 00 00 00 00 00 00 00 00 00 00 00 00 00 bd 00 00 00 00 00 be f8 ff ff fc 00 bd 00 00 00 00 00 ba f6 02 fd f6 00 bc f8 03 01 f5 
00 00 00 00 00 00 00 00 00 00 00 00 00 00 00 00 00 00 00 00 00 00 00 00 00 00 00 00 00 00 00 00 00 00 00 bd 00 00 00 00 00 be f8 ff ff 00 00 bd 00 00 00 00 00 b5 f7 03 fd ff 00 ae f6 00 00 00 
00 00 00 00 00 00 00 00 00 00 00 00 00 00 00 00 00 00 00 00 00 00 00 00 00 00 00 00 00 00 00 00 00 00 00 bd 00 00 00 00 00 be f8 fe 01 fe 00 bd 00 00 00 00 00 c1 f7 01 ff fb 00 c0 f5 fb 02 fa 
00 00 00 00 00 00 00 00 00 00 00 00 00 00 00 00 00 00 00 00 00 00 00 00 00 00 00 00 00 00 00 00 00 00 00 bd 00 00 00 00 00 bd f8 ff 02 02 00 bd 00 00 00 00 00 ba f6 03 00 02 00 c2 f1 00 03 02 
00 00 00 00 00 00 00 00 00 00 00 00 00 00 00 00 00 00 00 00 00 00 00 00 00 00 00 00 00 00 00 00 00 00 00 bb 00 00 00 00 00 bb f7 ff 02 02 00 bb 00 00 00 00 00 b9 f5 02 00 01 00 c6 f3 01 03 02 
00 00 00 00 00 00 00 00 00 00 00 00 00 00 00 00 00 00 00 00 00 00 00 00 00 00 00 00 00 00 00 00 00 00 00 bc 00 00 00 00 00 be f7 ff 03 01 00 bc 00 00 00 00 00 c0 f5 02 01 00 00 ca f3 02 05 00 
00 00 00 00 00 00 00 00 00 00 00 00 00 00 00 00 00 00 00 00 00 00 00 00 00 00 00 00 00 00 00 00 00 00 00 bd 00 00 00 00 00 be f7 ff 02 00 00 bd 00 00 00 00 00 bd f5 03 01 fd 00 c4 f2 01 04 fd 
00 00 00 00 00 00 00 00 00 00 00 00 00 00 00 00 00 00 00 00 00 00 00 00 00 00 00 00 00 00 00 00 00 00 00 bd 00 00 00 00 00 be f8 ff 02 00 00 bd 00 00 00 00 00 ba f5 03 01 fe 00 bf f0 01 04 fd 
00 00 00 00 00 00 00 00 00 00 00 00 00 00 00 00 00 00 00 00 00 00 00 00 00 00 00 00 00 00 00 00 00 00 00 b9 00 00 00 00 00 b9 f7 ff 02 01 00 b9 00 00 00 00 00 b3 f4 04 01 00 00 b8 ef 02 06 00 
00 00 00 00 00 00 00 00 00 00 00 00 00 00 00 00 00 00 00 00 00 00 00 00 00 00 00 00 00 00 00 00 00 00 00 ba 00 00 00 00 00 bb f7 ff 03 01 00 ba 00 00 00 00 00 b7 f4 04 02 01 00 bc f0 02 06 01 
00 00 00 00 00 00 00 00 00 00 00 00 00 00 00 00 00 00 00 00 00 00 00 00 00 00 00 00 00 00 00 00 00 00 00 b9 00 00 00 00 00 bb f7 ff 03 04 00 b9 00 00 00 00 00 b6 f4 04 02 05 00 b8 f1 04 07 06 
00 00 00 00 00 00 00 00 00 00 00 00 00 00 00 00 00 00 00 00 00 00 00 00 00 00 00 00 00 00 00 00 00 00 00 be 00 00 00 00 00 c0 f7 ff 02 08 00 be 00 00 00 00 00 be f4 03 02 0c 00 d0 f6 06 06 0f 
00 00 00 00 00 00 00 00 00 00 00 00 00 00 00 00 00 00 00 00 00 00 00 00 00 00 00 00 00 00 00 00 00 00 00 d2 00 00 00 00 00 d1 f9 ff 02 03 00 d1 00 00 00 00 00 db f6 00 02 05 00 08 fa 04 04 08 
00 00 00 00 00 00 00 00 00 00 00 00 00 00 00 00 00 00 00 00 00 00 00 00 00 00 00 00 00 00 00 00 00 00 00 bd 00 00 00 00 00 bf f6 ff 03 fb 00 bd 00 00 01 00 00 c9 f4 02 00 f2 00 dd f7 05 04 f0 
00 00 00 00 00 00 00 00 00 00 00 00 00 00 00 00 00 00 00 00 00 00 00 00 00 00 00 00 00 00 00 00 00 00 00 b9 00 00 00 00 00 bf f6 fe 01 00 00 b9 00 00 00 00 00 c4 f5 03 ff fd 00 ba f5 01 03 fe 
